10	171.667
10.02	180
10.04	138.333
10.06	171.667
10.08	165
10.1	146.667
10.12	175
10.14	141.667
10.16	160
10.18	158.333
10.2	145
10.22	171.667
10.24	161.667
10.26	118.333
10.28	145
10.3	148.333
10.32	150
10.34	133.333
10.36	130
10.38	136.667
10.4	108.333
10.42	125
10.44	116.667
10.46	160
10.48	123.333
10.5	148.333
10.52	126.667
10.54	150
10.56	133.333
10.58	120
10.6	145
10.62	150
10.64	156.667
10.66	131.667
10.68	111.667
10.7	150
10.72	176.667
10.74	160
10.76	143.333
10.78	148.333
10.8	128.333
10.82	158.333
10.84	130
10.86	120
10.88	160
10.9	175
10.92	166.667
10.94	155
10.96	155
10.98	151.667
11	168.333
11.02	166.667
11.04	141.667
11.06	140
11.08	150
11.1	170
11.12	168.333
11.14	141.667
11.16	153.333
11.18	178.333
11.2	173.333
11.22	126.667
11.24	163.333
11.26	146.667
11.28	151.667
11.3	131.667
11.32	121.667
11.34	156.667
11.36	148.333
11.38	168.333
11.4	166.667
11.42	150
11.44	143.333
11.46	156.667
11.48	155
11.5	158.333
11.52	133.333
11.54	175
11.56	133.333
11.58	153.333
11.6	141.667
11.62	175
11.64	171.667
11.66	191.667
11.68	171.667
11.7	205
11.72	158.333
11.74	141.667
11.76	161.667
11.78	170
11.8	175
11.82	153.333
11.84	170
11.86	116.667
11.88	185
11.9	163.333
11.92	123.333
11.94	170
11.96	151.667
11.98	136.667
12	133.333
12.02	115
12.04	145
12.06	163.333
12.08	160
12.1	126.667
12.12	145
12.14	138.333
12.16	158.333
12.18	163.333
12.2	186.667
12.22	163.333
12.24	158.333
12.26	161.667
12.28	170
12.3	180
12.32	166.667
12.34	151.667
12.36	170
12.38	166.667
12.4	175
12.42	175
12.44	153.333
12.46	183.333
12.48	145
12.5	146.667
12.52	155
12.54	175
12.56	135
12.58	168.333
12.6	150
12.62	133.333
12.64	173.333
12.66	148.333
12.68	173.333
12.7	170
12.72	110
12.74	160
12.76	155
12.78	190
12.8	173.333
12.82	140
12.84	133.333
12.86	150
12.88	163.333
12.9	146.667
12.92	158.333
12.94	165
12.96	160
12.98	188.333
13	185
13.02	148.333
13.04	183.333
13.06	173.333
13.08	181.667
13.1	196.667
13.12	198.333
13.14	173.333
13.16	180
13.18	165
13.2	185
13.22	133.333
13.24	171.667
13.26	171.667
13.28	200
13.3	150
13.32	181.667
13.34	136.667
13.36	126.667
13.38	161.667
13.4	151.667
13.42	166.667
13.44	183.333
13.46	168.333
13.48	191.667
13.5	175
13.52	150
13.54	175
13.56	185
13.58	155
13.6	170
13.62	160
13.64	191.667
13.66	175
13.68	160
13.7	180
13.72	143.333
13.74	155
13.76	188.333
13.78	163.333
13.8	133.333
13.82	185
13.84	156.667
13.86	188.333
13.88	173.333
13.9	153.333
13.92	133.333
13.94	166.667
13.96	180
13.98	146.667
14	181.667
14.02	151.667
14.04	171.667
14.06	146.667
14.08	170
14.1	158.333
14.12	186.667
14.14	158.333
14.16	180
14.18	148.333
14.2	175
14.22	150
14.24	170
14.26	171.667
14.28	201.667
14.3	180
14.32	186.667
14.34	176.667
14.36	201.667
14.38	201.667
14.4	151.667
14.42	181.667
14.44	176.667
14.46	153.333
14.48	171.667
14.5	163.333
14.52	160
14.54	166.667
14.56	198.333
14.58	176.667
14.6	190
14.62	195
14.64	150
14.66	186.667
14.68	176.667
14.7	163.333
14.72	185
14.74	185
14.76	180
14.78	150
14.8	185
14.82	200
14.84	148.333
14.86	191.667
14.88	158.333
14.9	190
14.92	193.333
14.94	185
14.96	161.667
14.98	178.333
15	168.333
15.02	186.667
15.04	156.667
15.06	166.667
15.08	161.667
15.1	148.333
15.12	158.333
15.14	201.667
15.16	175
15.18	170
15.2	206.667
15.22	215
15.24	173.333
15.26	181.667
15.28	151.667
15.3	191.667
15.32	165
15.34	178.333
15.36	183.333
15.38	178.333
15.4	195
15.42	168.333
15.44	158.333
15.46	183.333
15.48	195
15.5	191.667
15.52	151.667
15.54	161.667
15.56	193.333
15.58	205
15.6	193.333
15.62	166.667
15.64	163.333
15.66	181.667
15.68	188.333
15.7	171.667
15.72	196.667
15.74	183.333
15.76	163.333
15.78	211.667
15.8	168.333
15.82	175
15.84	173.333
15.86	185
15.88	193.333
15.9	191.667
15.92	168.333
15.94	165
15.96	158.333
15.98	193.333
16	185
16.02	208.333
16.04	200
16.06	188.333
16.08	170
16.1	168.333
16.12	175
16.14	195
16.16	200
16.18	181.667
16.2	193.333
16.22	206.667
16.24	198.333
16.26	201.667
16.28	175
16.3	190
16.32	186.667
16.34	165
16.36	213.333
16.38	196.667
16.4	190
16.42	163.333
16.44	180
16.46	176.667
16.48	185
16.5	166.667
16.52	181.667
16.54	195
16.56	165
16.58	185
16.6	216.667
16.62	181.667
16.64	185
16.66	203.333
16.68	186.667
16.7	181.667
16.72	193.333
16.74	208.333
16.76	216.667
16.78	146.667
16.8	190
16.82	191.667
16.84	163.333
16.86	221.667
16.88	225
16.9	185
16.92	188.333
16.94	168.333
16.96	208.333
16.98	168.333
17	166.667
17.02	195
17.04	183.333
17.06	208.333
17.08	191.667
17.1	198.333
17.12	176.667
17.14	195
17.16	146.667
17.18	198.333
17.2	198.333
17.22	160
17.24	201.667
17.26	170
17.28	186.667
17.3	186.667
17.32	203.333
17.34	213.333
17.36	183.333
17.38	185
17.4	170
17.42	201.667
17.44	200
17.46	206.667
17.48	201.667
17.5	201.667
17.52	198.333
17.54	160
17.56	180
17.58	186.667
17.6	180
17.62	165
17.64	180
17.66	203.333
17.68	178.333
17.7	188.333
17.72	205
17.74	168.333
17.76	180
17.78	208.333
17.8	175
17.82	208.333
17.84	190
17.86	180
17.88	221.667
17.9	171.667
17.92	201.667
17.94	171.667
17.96	201.667
17.98	211.667
18	190
18.02	195
18.04	191.667
18.06	215
18.08	205
18.1	175
18.12	200
18.14	176.667
18.16	183.333
18.18	176.667
18.2	176.667
18.22	178.333
18.24	185
18.26	188.333
18.28	188.333
18.3	190
18.32	200
18.34	180
18.36	190
18.38	213.333
18.4	220
18.42	215
18.44	200
18.46	188.333
18.48	195
18.5	211.667
18.52	235
18.54	223.333
18.56	205
18.58	193.333
18.6	183.333
18.62	225
18.64	176.667
18.66	198.333
18.68	233.333
18.7	181.667
18.72	181.667
18.74	175
18.76	213.333
18.78	211.667
18.8	203.333
18.82	210
18.84	226.667
18.86	201.667
18.88	208.333
18.9	251.667
18.92	165
18.94	188.333
18.96	208.333
18.98	180
19	215
19.02	221.667
19.04	188.333
19.06	173.333
19.08	201.667
19.1	173.333
19.12	205
19.14	161.667
19.16	203.333
19.18	206.667
19.2	240
19.22	196.667
19.24	213.333
19.26	193.333
19.28	191.667
19.3	186.667
19.32	211.667
19.34	178.333
19.36	195
19.38	216.667
19.4	200
19.42	220
19.44	185
19.46	178.333
19.48	175
19.5	206.667
19.52	188.333
19.54	203.333
19.56	225
19.58	193.333
19.6	215
19.62	173.333
19.64	170
19.66	210
19.68	203.333
19.7	243.333
19.72	211.667
19.74	223.333
19.76	226.667
19.78	248.333
19.8	220
19.82	226.667
19.84	236.667
19.86	213.333
19.88	228.333
19.9	205
19.92	226.667
19.94	200
19.96	203.333
19.98	206.667
20	166.667
20.02	235
20.04	218.333
20.06	201.667
20.08	218.333
20.1	215
20.12	215
20.14	193.333
20.16	211.667
20.18	186.667
20.2	216.667
20.22	206.667
20.24	166.667
20.26	190
20.28	198.333
20.3	158.333
20.32	185
20.34	216.667
20.36	176.667
20.38	211.667
20.4	225
20.42	205
20.44	195
20.46	168.333
20.48	186.667
20.5	228.333
20.52	191.667
20.54	220
20.56	223.333
20.58	218.333
20.6	196.667
20.62	208.333
20.64	188.333
20.66	193.333
20.68	198.333
20.7	235
20.72	188.333
20.74	200
20.76	171.667
20.78	201.667
20.8	213.333
20.82	196.667
20.84	165
20.86	171.667
20.88	198.333
20.9	211.667
20.92	251.667
20.94	206.667
20.96	191.667
20.98	161.667
21	190
21.02	196.667
21.04	216.667
21.06	183.333
21.08	201.667
21.1	188.333
21.12	210
21.14	236.667
21.16	185
21.18	206.667
21.2	246.667
21.22	216.667
21.24	208.333
21.26	241.667
21.28	213.333
21.3	223.333
21.32	243.333
21.34	200
21.36	213.333
21.38	216.667
21.4	241.667
21.42	270
21.44	245
21.46	265
21.48	238.333
21.5	236.667
21.52	261.667
21.54	283.333
21.56	253.333
21.58	316.667
21.6	298.333
21.62	335
21.64	323.333
21.66	365
21.68	353.333
21.7	415
21.72	435
21.74	561.667
21.76	556.667
21.78	636.667
21.8	768.333
21.82	853.333
21.84	995
21.86	1173.33
21.88	1286.67
21.9	1373.33
21.92	1316.67
21.94	1306.67
21.96	1295
21.98	1276.67
22	1336.67
22.02	1373.33
22.04	1536.67
22.06	1811.67
22.08	2025
22.1	2216.67
22.12	2293.33
22.14	2191.67
22.16	2100
22.18	1833.33
22.2	1411.67
22.22	1160
22.24	836.667
22.26	560
22.28	395
22.3	386.667
22.32	350
22.34	313.333
22.36	278.333
22.38	285
22.4	298.333
22.42	218.333
22.44	291.667
22.46	253.333
22.48	243.333
22.5	231.667
22.52	211.667
22.54	238.333
22.56	191.667
22.58	220
22.6	211.667
22.62	206.667
22.64	235
22.66	195
22.68	225
22.7	221.667
22.72	181.667
22.74	211.667
22.76	171.667
22.78	210
22.8	216.667
22.82	208.333
22.84	193.333
22.86	236.667
22.88	213.333
22.9	218.333
22.92	230
22.94	181.667
22.96	193.333
22.98	208.333
23	193.333
23.02	210
23.04	220
23.06	190
23.08	215
23.1	191.667
23.12	241.667
23.14	210
23.16	221.667
23.18	211.667
23.2	221.667
23.22	185
23.24	246.667
23.26	181.667
23.28	213.333
23.3	168.333
23.32	176.667
23.34	208.333
23.36	178.333
23.38	200
23.4	163.333
23.42	211.667
23.44	208.333
23.46	215
23.48	213.333
23.5	211.667
23.52	163.333
23.54	216.667
23.56	201.667
23.58	196.667
23.6	186.667
23.62	178.333
23.64	153.333
23.66	190
23.68	160
23.7	218.333
23.72	175
23.74	181.667
23.76	171.667
23.78	178.333
23.8	226.667
23.82	208.333
23.84	205
23.86	228.333
23.88	188.333
23.9	191.667
23.92	190
23.94	213.333
23.96	185
23.98	181.667
24	181.667
24.02	183.333
24.04	181.667
24.06	170
24.08	200
24.1	178.333
24.12	168.333
24.14	198.333
24.16	173.333
24.18	206.667
24.2	186.667
24.22	178.333
24.24	205
24.26	190
24.28	213.333
24.3	161.667
24.32	193.333
24.34	171.667
24.36	246.667
24.38	170
24.4	171.667
24.42	186.667
24.44	188.333
24.46	191.667
24.48	186.667
24.5	185
24.52	173.333
24.54	195
24.56	195
24.58	170
24.6	175
24.62	203.333
24.64	173.333
24.66	208.333
24.68	195
24.7	171.667
24.72	165
24.74	205
24.76	161.667
24.78	190
24.8	181.667
24.82	181.667
24.84	205
24.86	195
24.88	183.333
24.9	168.333
24.92	188.333
24.94	190
24.96	191.667
24.98	156.667
25	198.333
25.02	180
25.04	178.333
25.06	193.333
25.08	188.333
25.1	178.333
25.12	170
25.14	188.333
25.16	135
25.18	196.667
25.2	183.333
25.22	188.333
25.24	175
25.26	146.667
25.28	188.333
25.3	166.667
25.32	196.667
25.34	190
25.36	166.667
25.38	166.667
25.4	173.333
25.42	186.667
25.44	173.333
25.46	173.333
25.48	178.333
25.5	160
25.52	180
25.54	206.667
25.56	173.333
25.58	166.667
25.6	163.333
25.62	170
25.64	180
25.66	186.667
25.68	168.333
25.7	170
25.72	175
25.74	156.667
25.76	166.667
25.78	156.667
25.8	201.667
25.82	155
25.84	181.667
25.86	190
25.88	180
25.9	165
25.92	186.667
25.94	176.667
25.96	158.333
25.98	148.333
26	168.333
26.02	178.333
26.04	183.333
26.06	200
26.08	188.333
26.1	186.667
26.12	190
26.14	178.333
26.16	208.333
26.18	181.667
26.2	188.333
26.22	165
26.24	173.333
26.26	161.667
26.28	176.667
26.3	173.333
26.32	160
26.34	185
26.36	176.667
26.38	160
26.4	218.333
26.42	161.667
26.44	170
26.46	183.333
26.48	151.667
26.5	163.333
26.52	165
26.54	171.667
26.56	175
26.58	156.667
26.6	173.333
26.62	175
26.64	193.333
26.66	185
26.68	140
26.7	205
26.72	173.333
26.74	166.667
26.76	150
26.78	170
26.8	180
26.82	151.667
26.84	181.667
26.86	140
26.88	166.667
26.9	150
26.92	161.667
26.94	171.667
26.96	206.667
26.98	163.333
27	158.333
27.02	155
27.04	176.667
27.06	160
27.08	175
27.1	163.333
27.12	180
27.14	161.667
27.16	140
27.18	168.333
27.2	171.667
27.22	175
27.24	188.333
27.26	183.333
27.28	175
27.3	175
27.32	178.333
27.34	216.667
27.36	175
27.38	161.667
27.4	166.667
27.42	188.333
27.44	183.333
27.46	143.333
27.48	200
27.5	175
27.52	171.667
27.54	150
27.56	210
27.58	180
27.6	146.667
27.62	171.667
27.64	171.667
27.66	126.667
27.68	170
27.7	176.667
27.72	163.333
27.74	155
27.76	161.667
27.78	158.333
27.8	186.667
27.82	191.667
27.84	176.667
27.86	138.333
27.88	183.333
27.9	195
27.92	200
27.94	180
27.96	201.667
27.98	200
28	178.333
28.02	183.333
28.04	171.667
28.06	185
28.08	193.333
28.1	205
28.12	188.333
28.14	218.333
28.16	205
28.18	191.667
28.2	181.667
28.22	250
28.24	266.667
28.26	226.667
28.28	250
28.3	253.333
28.32	235
28.34	225
28.36	215
28.38	200
28.4	240
28.42	236.667
28.44	213.333
28.46	186.667
28.48	215
28.5	190
28.52	170
28.54	163.333
28.56	176.667
28.58	155
28.6	171.667
28.62	181.667
28.64	168.333
28.66	161.667
28.68	208.333
28.7	185
28.72	191.667
28.74	151.667
28.76	156.667
28.78	188.333
28.8	218.333
28.82	196.667
28.84	173.333
28.86	188.333
28.88	190
28.9	141.667
28.92	195
28.94	171.667
28.96	135
28.98	156.667
29	175
29.02	211.667
29.04	175
29.06	178.333
29.08	161.667
29.1	155
29.12	188.333
29.14	161.667
29.16	153.333
29.18	165
29.2	173.333
29.22	150
29.24	163.333
29.26	186.667
29.28	180
29.3	188.333
29.32	136.667
29.34	166.667
29.36	150
29.38	175
29.4	190
29.42	181.667
29.44	176.667
29.46	196.667
29.48	180
29.5	168.333
29.52	140
29.54	193.333
29.56	183.333
29.58	165
29.6	181.667
29.62	161.667
29.64	200
29.66	153.333
29.68	156.667
29.7	140
29.72	161.667
29.74	161.667
29.76	175
29.78	163.333
29.8	188.333
29.82	156.667
29.84	156.667
29.86	146.667
29.88	165
29.9	156.667
29.92	175
29.94	158.333
29.96	165
29.98	130
30	180
30.02	193.333
30.04	195
30.06	165
30.08	193.333
30.1	138.333
30.12	195
30.14	180
30.16	170
30.18	180
30.2	180
30.22	220
30.24	163.333
30.26	206.667
30.28	188.333
30.3	210
30.32	203.333
30.34	253.333
30.36	228.333
30.38	225
30.4	225
30.42	253.333
30.44	221.667
30.46	203.333
30.48	225
30.5	238.333
30.52	211.667
30.54	256.667
30.56	238.333
30.58	253.333
30.6	255
30.62	241.667
30.64	251.667
30.66	265
30.68	306.667
30.7	246.667
30.72	288.333
30.74	293.333
30.76	278.333
30.78	291.667
30.8	313.333
30.82	308.333
30.84	338.333
30.86	336.667
30.88	381.667
30.9	353.333
30.92	446.667
30.94	380
30.96	426.667
30.98	468.333
31	510
31.02	520
31.04	536.667
31.06	596.667
31.08	645
31.1	661.667
31.12	813.333
31.14	945
31.16	1056.67
31.18	1235
31.2	1530
31.22	1875
31.24	2438.33
31.26	2995
31.28	3895
31.3	5016.67
31.32	6403.33
31.34	7446.67
31.36	8425
31.38	9156.67
31.4	9351.67
31.42	9191.67
31.44	8918.33
31.46	8266.67
31.48	7853.33
31.5	7391.67
31.52	7118.33
31.54	6483.33
31.56	5688.33
31.58	5425
31.6	4651.67
31.62	4045
31.64	3051.67
31.66	2328.33
31.68	1826.67
31.7	1506.67
31.72	1176.67
31.74	848.333
31.76	751.667
31.78	616.667
31.8	596.667
31.82	555
31.84	515
31.86	440
31.88	411.667
31.9	403.333
31.92	346.667
31.94	305
31.96	348.333
31.98	266.667
32	258.333
32.02	258.333
32.04	256.667
32.06	228.333
32.08	235
32.1	241.667
32.12	235
32.14	241.667
32.16	261.667
32.18	240
32.2	216.667
32.22	238.333
32.24	225
32.26	240
32.28	236.667
32.3	216.667
32.32	235
32.34	226.667
32.36	228.333
32.38	180
32.4	228.333
32.42	236.667
32.44	203.333
32.46	195
32.48	226.667
32.5	191.667
32.52	235
32.54	241.667
32.56	160
32.58	196.667
32.6	176.667
32.62	253.333
32.64	203.333
32.66	200
32.68	195
32.7	210
32.72	223.333
32.74	201.667
32.76	216.667
32.78	213.333
32.8	176.667
32.82	208.333
32.84	205
32.86	185
32.88	178.333
32.9	195
32.92	171.667
32.94	236.667
32.96	260
32.98	173.333
33	208.333
33.02	188.333
33.04	201.667
33.06	186.667
33.08	216.667
33.1	180
33.12	166.667
33.14	183.333
33.16	218.333
33.18	175
33.2	161.667
33.22	200
33.24	201.667
33.26	176.667
33.28	206.667
33.3	190
33.32	193.333
33.34	198.333
33.36	205
33.38	145
33.4	195
33.42	201.667
33.44	161.667
33.46	170
33.48	188.333
33.5	155
33.52	178.333
33.54	193.333
33.56	161.667
33.58	203.333
33.6	181.667
33.62	198.333
33.64	186.667
33.66	191.667
33.68	208.333
33.7	183.333
33.72	175
33.74	158.333
33.76	163.333
33.78	160
33.8	158.333
33.82	200
33.84	163.333
33.86	161.667
33.88	180
33.9	188.333
33.92	206.667
33.94	198.333
33.96	181.667
33.98	178.333
34	195
34.02	183.333
34.04	173.333
34.06	138.333
34.08	201.667
34.1	208.333
34.12	186.667
34.14	191.667
34.16	170
34.18	173.333
34.2	180
34.22	170
34.24	168.333
34.26	178.333
34.28	206.667
34.3	205
34.32	165
34.34	178.333
34.36	181.667
34.38	153.333
34.4	165
34.42	186.667
34.44	190
34.46	178.333
34.48	188.333
34.5	185
34.52	195
34.54	136.667
34.56	201.667
34.58	176.667
34.6	191.667
34.62	176.667
34.64	158.333
34.66	181.667
34.68	215
34.7	168.333
34.72	200
34.74	216.667
34.76	175
34.78	151.667
34.8	186.667
34.82	175
34.84	190
34.86	163.333
34.88	228.333
34.9	191.667
34.92	173.333
34.94	213.333
34.96	206.667
34.98	186.667
35	175
35.02	208.333
35.04	140
35.06	165
35.08	161.667
35.1	176.667
35.12	163.333
35.14	178.333
35.16	196.667
35.18	170
35.2	171.667
35.22	156.667
35.24	186.667
35.26	210
35.28	171.667
35.3	178.333
35.32	185
35.34	150
35.36	161.667
35.38	165
35.4	146.667
35.42	181.667
35.44	160
35.46	150
35.48	148.333
35.5	183.333
35.52	168.333
35.54	168.333
35.56	138.333
35.58	181.667
35.6	148.333
35.62	153.333
35.64	175
35.66	181.667
35.68	151.667
35.7	173.333
35.72	156.667
35.74	173.333
35.76	148.333
35.78	163.333
35.8	161.667
35.82	185
35.84	181.667
35.86	163.333
35.88	175
35.9	150
35.92	171.667
35.94	166.667
35.96	203.333
35.98	148.333
36	175
36.02	146.667
36.04	141.667
36.06	171.667
36.08	185
36.1	160
36.12	168.333
36.14	173.333
36.16	178.333
36.18	175
36.2	193.333
36.22	163.333
36.24	136.667
36.26	166.667
36.28	155
36.3	163.333
36.32	158.333
36.34	173.333
36.36	163.333
36.38	153.333
36.4	133.333
36.42	178.333
36.44	168.333
36.46	148.333
36.48	205
36.5	138.333
36.52	185
36.54	131.667
36.56	140
36.58	218.333
36.6	170
36.62	181.667
36.64	150
36.66	148.333
36.68	178.333
36.7	141.667
36.72	178.333
36.74	180
36.76	171.667
36.78	160
36.8	165
36.82	163.333
36.84	170
36.86	148.333
36.88	196.667
36.9	145
36.92	156.667
36.94	196.667
36.96	205
36.98	193.333
37	168.333
37.02	168.333
37.04	130
37.06	165
37.08	180
37.1	150
37.12	175
37.14	158.333
37.16	181.667
37.18	135
37.2	171.667
37.22	160
37.24	191.667
37.26	168.333
37.28	171.667
37.3	160
37.32	171.667
37.34	193.333
37.36	186.667
37.38	158.333
37.4	151.667
37.42	163.333
37.44	146.667
37.46	196.667
37.48	155
37.5	153.333
37.52	165
37.54	148.333
37.56	140
37.58	168.333
37.6	158.333
37.62	143.333
37.64	170
37.66	180
37.68	173.333
37.7	171.667
37.72	165
37.74	193.333
37.76	183.333
37.78	195
37.8	175
37.82	191.667
37.84	211.667
37.86	195
37.88	183.333
37.9	171.667
37.92	153.333
37.94	166.667
37.96	153.333
37.98	183.333
38	206.667
38.02	188.333
38.04	186.667
38.06	223.333
38.08	196.667
38.1	170
38.12	231.667
38.14	183.333
38.16	178.333
38.18	176.667
38.2	201.667
38.22	190
38.24	185
38.26	261.667
38.28	240
38.3	231.667
38.32	265
38.34	241.667
38.36	231.667
38.38	261.667
38.4	266.667
38.42	263.333
38.44	251.667
38.46	263.333
38.48	356.667
38.5	298.333
38.52	338.333
38.54	416.667
38.56	416.667
38.58	451.667
38.6	498.333
38.62	640
38.64	785
38.66	1003.33
38.68	1205
38.7	1843.33
38.72	2216.67
38.74	2836.67
38.76	3078.33
38.78	3338.33
38.8	3393.33
38.82	3313.33
38.84	3023.33
38.86	2605
38.88	2003.33
38.9	1773.33
38.92	1493.33
38.94	1221.67
38.96	875
38.98	611.667
39	440
39.02	315
39.04	330
39.06	306.667
39.08	296.667
39.1	253.333
39.12	228.333
39.14	288.333
39.16	243.333
39.18	211.667
39.2	213.333
39.22	220
39.24	206.667
39.26	183.333
39.28	226.667
39.3	170
39.32	185
39.34	200
39.36	196.667
39.38	156.667
39.4	156.667
39.42	153.333
39.44	180
39.46	153.333
39.48	160
39.5	188.333
39.52	161.667
39.54	176.667
39.56	171.667
39.58	201.667
39.6	168.333
39.62	151.667
39.64	165
39.66	143.333
39.68	185
39.7	175
39.72	178.333
39.74	158.333
39.76	146.667
39.78	178.333
39.8	186.667
39.82	193.333
39.84	168.333
39.86	181.667
39.88	170
39.9	163.333
39.92	168.333
39.94	155
39.96	145
39.98	176.667
40	185
40.02	173.333
40.04	160
40.06	153.333
40.08	175
40.1	181.667
40.12	188.333
40.14	151.667
40.16	183.333
40.18	173.333
40.2	163.333
40.22	135
40.24	215
40.26	160
40.28	173.333
40.3	168.333
40.32	158.333
40.34	208.333
40.36	153.333
40.38	150
40.4	143.333
40.42	143.333
40.44	171.667
40.46	170
40.48	181.667
40.5	141.667
40.52	166.667
40.54	166.667
40.56	153.333
40.58	173.333
40.6	196.667
40.62	185
40.64	178.333
40.66	188.333
40.68	173.333
40.7	201.667
40.72	185
40.74	183.333
40.76	185
40.78	143.333
40.8	198.333
40.82	173.333
40.84	180
40.86	155
40.88	135
40.9	145
40.92	150
40.94	190
40.96	188.333
40.98	188.333
41	148.333
41.02	186.667
41.04	155
41.06	136.667
41.08	140
41.1	163.333
41.12	146.667
41.14	176.667
41.16	153.333
41.18	155
41.2	170
41.22	165
41.24	171.667
41.26	151.667
41.28	153.333
41.3	146.667
41.32	198.333
41.34	120
41.36	161.667
41.38	128.333
41.4	148.333
41.42	176.667
41.44	171.667
41.46	163.333
41.48	165
41.5	151.667
41.52	171.667
41.54	151.667
41.56	158.333
41.58	148.333
41.6	123.333
41.62	168.333
41.64	151.667
41.66	138.333
41.68	163.333
41.7	188.333
41.72	130
41.74	163.333
41.76	125
41.78	138.333
41.8	165
41.82	153.333
41.84	155
41.86	165
41.88	145
41.9	128.333
41.92	193.333
41.94	186.667
41.96	123.333
41.98	143.333
42	156.667
42.02	190
42.04	160
42.06	156.667
42.08	153.333
42.1	140
42.12	138.333
42.14	148.333
42.16	141.667
42.18	160
42.2	165
42.22	151.667
42.24	130
42.26	155
42.28	145
42.3	135
42.32	138.333
42.34	136.667
42.36	153.333
42.38	121.667
42.4	181.667
42.42	151.667
42.44	156.667
42.46	155
42.48	163.333
42.5	171.667
42.52	143.333
42.54	141.667
42.56	140
42.58	141.667
42.6	170
42.62	140
42.64	163.333
42.66	180
42.68	163.333
42.7	156.667
42.72	155
42.74	158.333
42.76	123.333
42.78	183.333
42.8	171.667
42.82	145
42.84	133.333
42.86	151.667
42.88	148.333
42.9	151.667
42.92	138.333
42.94	165
42.96	146.667
42.98	163.333
43	125
43.02	148.333
43.04	148.333
43.06	178.333
43.08	155
43.1	156.667
43.12	163.333
43.14	173.333
43.16	166.667
43.18	143.333
43.2	166.667
43.22	188.333
43.24	166.667
43.26	161.667
43.28	166.667
43.3	168.333
43.32	158.333
43.34	150
43.36	168.333
43.38	173.333
43.4	158.333
43.42	171.667
43.44	145
43.46	151.667
43.48	133.333
43.5	185
43.52	160
43.54	165
43.56	176.667
43.58	175
43.6	200
43.62	181.667
43.64	178.333
43.66	178.333
43.68	155
43.7	178.333
43.72	193.333
43.74	171.667
43.76	168.333
43.78	160
43.8	145
43.82	171.667
43.84	161.667
43.86	136.667
43.88	171.667
43.9	186.667
43.92	156.667
43.94	176.667
43.96	175
43.98	181.667
44	183.333
44.02	191.667
44.04	166.667
44.06	193.333
44.08	186.667
44.1	176.667
44.12	210
44.14	206.667
44.16	193.333
44.18	186.667
44.2	191.667
44.22	208.333
44.24	200
44.26	173.333
44.28	216.667
44.3	216.667
44.32	208.333
44.34	191.667
44.36	233.333
44.38	221.667
44.4	201.667
44.42	245
44.44	253.333
44.46	231.667
44.48	251.667
44.5	278.333
44.52	291.667
44.54	355
44.56	323.333
44.58	341.667
44.6	391.667
44.62	471.667
44.64	540
44.66	636.667
44.68	798.333
44.7	921.667
44.72	1040
44.74	1206.67
44.76	1330
44.78	1278.33
44.8	1238.33
44.82	1230
44.84	1225
44.86	1108.33
44.88	1091.67
44.9	1035
44.92	1030
44.94	901.667
44.96	895
44.98	753.333
45	748.333
45.02	748.333
45.04	778.333
45.06	738.333
45.08	771.667
45.1	846.667
45.12	988.333
45.14	1048.33
45.16	1135
45.18	1453.33
45.2	1848.33
45.22	2203.33
45.24	2408.33
45.26	2610
45.28	2733.33
45.3	2683.33
45.32	2436.67
45.34	2246.67
45.36	2103.33
45.38	1756.67
45.4	1573.33
45.42	1388.33
45.44	1190
45.46	975
45.48	706.667
45.5	595
45.52	483.333
45.54	421.667
45.56	393.333
45.58	363.333
45.6	281.667
45.62	256.667
45.64	293.333
45.66	281.667
45.68	291.667
45.7	240
45.72	208.333
45.74	193.333
45.76	226.667
45.78	193.333
45.8	205
45.82	225
45.84	170
45.86	208.333
45.88	198.333
45.9	195
45.92	208.333
45.94	188.333
45.96	180
45.98	178.333
46	181.667
46.02	180
46.04	171.667
46.06	176.667
46.08	168.333
46.1	186.667
46.12	165
46.14	180
46.16	150
46.18	153.333
46.2	168.333
46.22	165
46.24	190
46.26	145
46.28	193.333
46.3	170
46.32	141.667
46.34	178.333
46.36	150
46.38	193.333
46.4	143.333
46.42	140
46.44	135
46.46	148.333
46.48	163.333
46.5	176.667
46.52	148.333
46.54	203.333
46.56	143.333
46.58	160
46.6	176.667
46.62	145
46.64	168.333
46.66	198.333
46.68	171.667
46.7	161.667
46.72	115
46.74	178.333
46.76	163.333
46.78	126.667
46.8	148.333
46.82	161.667
46.84	160
46.86	141.667
46.88	165
46.9	156.667
46.92	143.333
46.94	141.667
46.96	150
46.98	141.667
47	170
47.02	176.667
47.04	146.667
47.06	156.667
47.08	135
47.1	168.333
47.12	123.333
47.14	173.333
47.16	151.667
47.18	158.333
47.2	165
47.22	150
47.24	135
47.26	155
47.28	158.333
47.3	145
47.32	151.667
47.34	148.333
47.36	191.667
47.38	158.333
47.4	185
47.42	130
47.44	161.667
47.46	131.667
47.48	150
47.5	150
47.52	158.333
47.54	160
47.56	148.333
47.58	163.333
47.6	136.667
47.62	143.333
47.64	141.667
47.66	158.333
47.68	135
47.7	128.333
47.72	138.333
47.74	116.667
47.76	155
47.78	133.333
47.8	126.667
47.82	126.667
47.84	160
47.86	143.333
47.88	133.333
47.9	138.333
47.92	171.667
47.94	143.333
47.96	151.667
47.98	153.333
48	148.333
48.02	150
48.04	145
48.06	135
48.08	150
48.1	116.667
48.12	148.333
48.14	156.667
48.16	153.333
48.18	148.333
48.2	133.333
48.22	173.333
48.24	165
48.26	121.667
48.28	135
48.3	150
48.32	163.333
48.34	165
48.36	150
48.38	163.333
48.4	166.667
48.42	183.333
48.44	165
48.46	155
48.48	128.333
48.5	128.333
48.52	170
48.54	146.667
48.56	155
48.58	108.333
48.6	168.333
48.62	140
48.64	153.333
48.66	126.667
48.68	161.667
48.7	168.333
48.72	135
48.74	156.667
48.76	128.333
48.78	160
48.8	146.667
48.82	176.667
48.84	140
48.86	156.667
48.88	128.333
48.9	161.667
48.92	160
48.94	153.333
48.96	130
48.98	148.333
49	153.333
49.02	161.667
49.04	136.667
49.06	160
49.08	156.667
49.1	116.667
49.12	138.333
49.14	155
49.16	151.667
49.18	173.333
49.2	165
49.22	145
49.24	153.333
49.26	165
49.28	160
49.3	146.667
49.32	130
49.34	130
49.36	136.667
49.38	138.333
49.4	143.333
49.42	156.667
49.44	168.333
49.46	146.667
49.48	148.333
49.5	160
49.52	183.333
49.54	140
49.56	148.333
49.58	163.333
49.6	163.333
49.62	161.667
49.64	153.333
49.66	190
49.68	151.667
49.7	173.333
49.72	161.667
49.74	155
49.76	156.667
49.78	166.667
49.8	163.333
49.82	155
49.84	163.333
49.86	165
49.88	168.333
49.9	156.667
49.92	143.333
49.94	156.667
49.96	198.333
49.98	191.667
50	180
50.02	178.333
50.04	178.333
50.06	171.667
50.08	173.333
50.1	151.667
50.12	181.667
50.14	143.333
50.16	191.667
50.18	201.667
50.2	196.667
50.22	221.667
50.24	175
50.26	211.667
50.28	193.333
50.3	226.667
50.32	223.333
50.34	208.333
50.36	258.333
50.38	248.333
50.4	258.333
50.42	321.667
50.44	310
50.46	430
50.48	428.333
50.5	503.333
50.52	565
50.54	536.667
50.56	485
50.58	551.667
50.6	503.333
50.62	513.333
50.64	476.667
50.66	430
50.68	423.333
50.7	440
50.72	381.667
50.74	396.667
50.76	385
50.78	453.333
50.8	520
50.82	610
50.84	666.667
50.86	710
50.88	768.333
50.9	805
50.92	770
50.94	736.667
50.96	868.333
50.98	835
51	763.333
51.02	760
51.04	681.667
51.06	575
51.08	501.667
51.1	476.667
51.12	435
51.14	393.333
51.16	361.667
51.18	296.667
51.2	253.333
51.22	240
51.24	165
51.26	181.667
51.28	145
51.3	146.667
51.32	181.667
51.34	170
51.36	200
51.38	200
51.4	168.333
51.42	151.667
51.44	175
51.46	173.333
51.48	141.667
51.5	153.333
51.52	150
51.54	156.667
51.56	158.333
51.58	133.333
51.6	156.667
51.62	145
51.64	136.667
51.66	156.667
51.68	170
51.7	208.333
51.72	145
51.74	138.333
51.76	140
51.78	163.333
51.8	153.333
51.82	168.333
51.84	140
51.86	168.333
51.88	136.667
51.9	151.667
51.92	138.333
51.94	130
51.96	141.667
51.98	155
52	140
52.02	166.667
52.04	140
52.06	158.333
52.08	150
52.1	156.667
52.12	180
52.14	180
52.16	151.667
52.18	135
52.2	118.333
52.22	113.333
52.24	163.333
52.26	135
52.28	131.667
52.3	155
52.32	136.667
52.34	180
52.36	151.667
52.38	125
52.4	145
52.42	138.333
52.44	161.667
52.46	143.333
52.48	186.667
52.5	101.667
52.52	158.333
52.54	133.333
52.56	140
52.58	136.667
52.6	160
52.62	156.667
52.64	166.667
52.66	138.333
52.68	166.667
52.7	153.333
52.72	146.667
52.74	141.667
52.76	163.333
52.78	145
52.8	145
52.82	145
52.84	116.667
52.86	188.333
52.88	145
52.9	140
52.92	128.333
52.94	153.333
52.96	156.667
52.98	150
53	125
53.02	140
53.04	141.667
53.06	115
53.08	155
53.1	173.333
53.12	150
53.14	155
53.16	131.667
53.18	143.333
53.2	165
53.22	128.333
53.24	168.333
53.26	123.333
53.28	130
53.3	115
53.32	143.333
53.34	153.333
53.36	136.667
53.38	158.333
53.4	130
53.42	145
53.44	155
53.46	146.667
53.48	146.667
53.5	153.333
53.52	121.667
53.54	116.667
53.56	151.667
53.58	151.667
53.6	145
53.62	151.667
53.64	156.667
53.66	143.333
53.68	143.333
53.7	155
53.72	158.333
53.74	123.333
53.76	131.667
53.78	123.333
53.8	163.333
53.82	168.333
53.84	151.667
53.86	136.667
53.88	151.667
53.9	121.667
53.92	166.667
53.94	180
53.96	146.667
53.98	183.333
54	163.333
54.02	155
54.04	135
54.06	161.667
54.08	166.667
54.1	176.667
54.12	153.333
54.14	146.667
54.16	155
54.18	145
54.2	158.333
54.22	156.667
54.24	131.667
54.26	155
54.28	158.333
54.3	176.667
54.32	161.667
54.34	166.667
54.36	168.333
54.38	193.333
54.4	161.667
54.42	140
54.44	200
54.46	186.667
54.48	138.333
54.5	165
54.52	110
54.54	171.667
54.56	130
54.58	125
54.6	148.333
54.62	133.333
54.64	171.667
54.66	178.333
54.68	160
54.7	155
54.72	155
54.74	171.667
54.76	156.667
54.78	178.333
54.8	153.333
54.82	158.333
54.84	161.667
54.86	146.667
54.88	185
54.9	170
54.92	160
54.94	190
54.96	156.667
54.98	170
55	180
55.02	203.333
55.04	150
55.06	188.333
55.08	168.333
55.1	195
55.12	140
55.14	193.333
55.16	186.667
55.18	168.333
55.2	195
55.22	190
55.24	171.667
55.26	226.667
55.28	190
55.3	198.333
55.32	153.333
55.34	186.667
55.36	213.333
55.38	171.667
55.4	203.333
55.42	230
55.44	203.333
55.46	313.333
55.48	250
55.5	298.333
55.52	268.333
55.54	245
55.56	246.667
55.58	278.333
55.6	321.667
55.62	306.667
55.64	326.667
55.66	350
55.68	368.333
55.7	413.333
55.72	451.667
55.74	578.333
55.76	730
55.78	900
55.8	1030
55.82	1220
55.84	1353.33
55.86	1388.33
55.88	1466.67
55.9	1413.33
55.92	1323.33
55.94	1351.67
55.96	1281.67
55.98	1361.67
56	1405
56.02	1335
56.04	1503.33
56.06	1635
56.08	1678.33
56.1	2058.33
56.12	2518.33
56.14	2950
56.16	3075
56.18	3318.33
56.2	2970
56.22	2883.33
56.24	2550
56.26	2146.67
56.28	1890
56.3	1903.33
56.32	1886.67
56.34	1851.67
56.36	1546.67
56.38	1341.67
56.4	1045
56.42	735
56.44	648.333
56.46	493.333
56.48	451.667
56.5	408.333
56.52	368.333
56.54	308.333
56.56	278.333
56.58	305
56.6	283.333
56.62	211.667
56.64	245
56.66	208.333
56.68	238.333
56.7	213.333
56.72	216.667
56.74	183.333
56.76	231.667
56.78	235
56.8	231.667
56.82	163.333
56.84	203.333
56.86	170
56.88	173.333
56.9	181.667
56.92	158.333
56.94	206.667
56.96	156.667
56.98	186.667
57	165
57.02	185
57.04	171.667
57.06	170
57.08	145
57.1	183.333
57.12	178.333
57.14	166.667
57.16	161.667
57.18	168.333
57.2	138.333
57.22	165
57.24	148.333
57.26	188.333
57.28	171.667
57.3	168.333
57.32	150
57.34	161.667
57.36	155
57.38	171.667
57.4	141.667
57.42	171.667
57.44	156.667
57.46	153.333
57.48	135
57.5	121.667
57.52	150
57.54	161.667
57.56	158.333
57.58	171.667
57.6	165
57.62	161.667
57.64	148.333
57.66	155
57.68	166.667
57.7	148.333
57.72	211.667
57.74	180
57.76	160
57.78	170
57.8	170
57.82	153.333
57.84	125
57.86	153.333
57.88	148.333
57.9	128.333
57.92	156.667
57.94	145
57.96	150
57.98	158.333
58	183.333
58.02	151.667
58.04	168.333
58.06	141.667
58.08	148.333
58.1	161.667
58.12	143.333
58.14	131.667
58.16	168.333
58.18	145
58.2	148.333
58.22	170
58.24	156.667
58.26	138.333
58.28	141.667
58.3	158.333
58.32	148.333
58.34	168.333
58.36	138.333
58.38	143.333
58.4	120
58.42	153.333
58.44	145
58.46	158.333
58.48	158.333
58.5	138.333
58.52	113.333
58.54	135
58.56	138.333
58.58	143.333
58.6	178.333
58.62	141.667
58.64	171.667
58.66	155
58.68	146.667
58.7	163.333
58.72	163.333
58.74	163.333
58.76	155
58.78	143.333
58.8	146.667
58.82	146.667
58.84	108.333
58.86	203.333
58.88	153.333
58.9	160
58.92	160
58.94	146.667
58.96	153.333
58.98	133.333
59	176.667
59.02	155
59.04	148.333
59.06	138.333
59.08	121.667
59.1	175
59.12	143.333
59.14	125
59.16	126.667
59.18	145
59.2	143.333
59.22	163.333
59.24	165
59.26	158.333
59.28	143.333
59.3	160
59.32	136.667
59.34	153.333
59.36	131.667
59.38	178.333
59.4	141.667
59.42	131.667
59.44	146.667
59.46	141.667
59.48	135
59.5	143.333
59.52	153.333
59.54	140
59.56	146.667
59.58	160
59.6	148.333
59.62	148.333
59.64	151.667
59.66	153.333
59.68	115
59.7	141.667
59.72	151.667
59.74	126.667
59.76	138.333
59.78	130
59.8	136.667
59.82	128.333
59.84	138.333
59.86	145
59.88	140
59.9	121.667
59.92	141.667
59.94	171.667
59.96	131.667
59.98	156.667
60	126.667
60.02	126.667
60.04	128.333
60.06	121.667
60.08	151.667
60.1	118.333
60.12	111.667
60.14	140
60.16	126.667
60.18	116.667
60.2	138.333
60.22	146.667
60.24	128.333
60.26	166.667
60.28	155
60.3	126.667
60.32	133.333
60.34	131.667
60.36	158.333
60.38	161.667
60.4	145
60.42	130
60.44	131.667
60.46	163.333
60.48	130
60.5	123.333
60.52	163.333
60.54	140
60.56	138.333
60.58	155
60.6	108.333
60.62	168.333
60.64	191.667
60.66	133.333
60.68	126.667
60.7	146.667
60.72	135
60.74	141.667
60.76	153.333
60.78	143.333
60.8	160
60.82	128.333
60.84	171.667
60.86	141.667
60.88	145
60.9	133.333
60.92	141.667
60.94	166.667
60.96	158.333
60.98	141.667
61	138.333
61.02	158.333
61.04	145
61.06	161.667
61.08	150
61.1	140
61.12	173.333
61.14	168.333
61.16	151.667
61.18	126.667
61.2	128.333
61.22	160
61.24	133.333
61.26	141.667
61.28	138.333
61.3	138.333
61.32	136.667
61.34	136.667
61.36	145
61.38	121.667
61.4	145
61.42	133.333
61.44	131.667
61.46	140
61.48	156.667
61.5	145
61.52	136.667
61.54	160
61.56	123.333
61.58	133.333
61.6	151.667
61.62	121.667
61.64	143.333
61.66	128.333
61.68	165
61.7	148.333
61.72	165
61.74	146.667
61.76	151.667
61.78	143.333
61.8	155
61.82	156.667
61.84	125
61.86	128.333
61.88	135
61.9	133.333
61.92	156.667
61.94	156.667
61.96	125
61.98	151.667
62	136.667
62.02	165
62.04	155
62.06	153.333
62.08	161.667
62.1	158.333
62.12	156.667
62.14	158.333
62.16	143.333
62.18	146.667
62.2	153.333
62.22	163.333
62.24	121.667
62.26	145
62.28	133.333
62.3	135
62.32	141.667
62.34	141.667
62.36	136.667
62.38	118.333
62.4	138.333
62.42	116.667
62.44	141.667
62.46	150
62.48	130
62.5	105
62.52	161.667
62.54	175
62.56	160
62.58	131.667
62.6	148.333
62.62	150
62.64	125
62.66	153.333
62.68	130
62.7	131.667
62.72	148.333
62.74	153.333
62.76	145
62.78	130
62.8	148.333
62.82	151.667
62.84	133.333
62.86	143.333
62.88	116.667
62.9	136.667
62.92	138.333
62.94	146.667
62.96	125
62.98	130
63	125
63.02	118.333
63.04	120
63.06	146.667
63.08	140
63.1	158.333
63.12	145
63.14	163.333
63.16	173.333
63.18	160
63.2	173.333
63.22	148.333
63.24	140
63.26	146.667
63.28	155
63.3	160
63.32	161.667
63.34	141.667
63.36	150
63.38	131.667
63.4	193.333
63.42	138.333
63.44	163.333
63.46	135
63.48	145
63.5	125
63.52	141.667
63.54	148.333
63.56	110
63.58	158.333
63.6	150
63.62	115
63.64	140
63.66	150
63.68	133.333
63.7	141.667
63.72	155
63.74	145
63.76	151.667
63.78	135
63.8	140
63.82	136.667
63.84	128.333
63.86	138.333
63.88	136.667
63.9	155
63.92	111.667
63.94	151.667
63.96	148.333
63.98	121.667
64	160
64.02	136.667
64.04	140
64.06	120
64.08	131.667
64.1	165
64.12	143.333
64.14	133.333
64.16	155
64.18	156.667
64.2	158.333
64.22	145
64.24	151.667
64.26	140
64.28	166.667
64.3	161.667
64.32	166.667
64.34	138.333
64.36	163.333
64.38	181.667
64.4	193.333
64.42	155
64.44	156.667
64.46	116.667
64.48	126.667
64.5	166.667
64.52	160
64.54	165
64.56	165
64.58	143.333
64.6	151.667
64.62	170
64.64	156.667
64.66	163.333
64.68	178.333
64.7	170
64.72	171.667
64.74	185
64.76	176.667
64.78	163.333
64.8	165
64.82	128.333
64.84	158.333
64.86	146.667
64.88	171.667
64.9	155
64.92	161.667
64.94	125
64.96	158.333
64.98	181.667
65	143.333
65.02	185
65.04	165
65.06	165
65.08	193.333
65.1	175
65.12	183.333
65.14	211.667
65.16	210
65.18	158.333
65.2	213.333
65.22	198.333
65.24	225
65.26	221.667
65.28	236.667
65.3	253.333
65.32	248.333
65.34	250
65.36	248.333
65.38	265
65.4	281.667
65.42	285
65.44	310
65.46	371.667
65.48	406.667
65.5	471.667
65.52	483.333
65.54	636.667
65.56	835
65.58	1046.67
65.6	1191.67
65.62	1438.33
65.64	1408.33
65.66	1476.67
65.68	1371.67
65.7	1268.33
65.72	973.333
65.74	990
65.76	950
65.78	968.333
65.8	1006.67
65.82	1021.67
65.84	1070
65.86	931.667
65.88	823.333
65.9	713.333
65.92	728.333
65.94	713.333
65.96	781.667
65.98	931.667
66	901.667
66.02	1011.67
66.04	938.333
66.06	875
66.08	765
66.1	643.333
66.12	561.667
66.14	503.333
66.16	531.667
66.18	550
66.2	491.667
66.22	516.667
66.24	513.333
66.26	445
66.28	381.667
66.3	296.667
66.32	251.667
66.34	255
66.36	176.667
66.38	223.333
66.4	230
66.42	208.333
66.44	201.667
66.46	156.667
66.48	185
66.5	160
66.52	196.667
66.54	145
66.56	170
66.58	190
66.6	193.333
66.62	153.333
66.64	150
66.66	151.667
66.68	183.333
66.7	170
66.72	181.667
66.74	150
66.76	163.333
66.78	155
66.8	163.333
66.82	156.667
66.84	143.333
66.86	168.333
66.88	176.667
66.9	181.667
66.92	156.667
66.94	143.333
66.96	123.333
66.98	161.667
67	143.333
67.02	140
67.04	125
67.06	146.667
67.08	131.667
67.1	160
67.12	156.667
67.14	153.333
67.16	173.333
67.18	145
67.2	145
67.22	125
67.24	141.667
67.26	148.333
67.28	166.667
67.3	128.333
67.32	118.333
67.34	135
67.36	125
67.38	126.667
67.4	120
67.42	186.667
67.44	135
67.46	155
67.48	135
67.5	153.333
67.52	151.667
67.54	151.667
67.56	176.667
67.58	141.667
67.6	168.333
67.62	130
67.64	153.333
67.66	145
67.68	126.667
67.7	158.333
67.72	145
67.74	136.667
67.76	135
67.78	166.667
67.8	185
67.82	125
67.84	115
67.86	135
67.88	143.333
67.9	145
67.92	140
67.94	125
67.96	148.333
67.98	158.333
68	148.333
68.02	135
68.04	143.333
68.06	130
68.08	148.333
68.1	156.667
68.12	135
68.14	145
68.16	146.667
68.18	133.333
68.2	158.333
68.22	165
68.24	141.667
68.26	125
68.28	165
68.3	155
68.32	165
68.34	165
68.36	151.667
68.38	146.667
68.4	146.667
68.42	128.333
68.44	146.667
68.46	116.667
68.48	143.333
68.5	126.667
68.52	128.333
68.54	183.333
68.56	146.667
68.58	151.667
68.6	146.667
68.62	158.333
68.64	148.333
68.66	171.667
68.68	155
68.7	160
68.72	141.667
68.74	135
68.76	160
68.78	133.333
68.8	148.333
68.82	155
68.84	166.667
68.86	175
68.88	141.667
68.9	153.333
68.92	150
68.94	155
68.96	136.667
68.98	141.667
69	161.667
69.02	140
69.04	153.333
69.06	151.667
69.08	155
69.1	155
69.12	176.667
69.14	145
69.16	148.333
69.18	148.333
69.2	126.667
69.22	146.667
69.24	128.333
69.26	131.667
69.28	125
69.3	133.333
69.32	151.667
69.34	131.667
69.36	145
69.38	165
69.4	150
69.42	170
69.44	175
69.46	128.333
69.48	153.333
69.5	138.333
69.52	153.333
69.54	123.333
69.56	148.333
69.58	158.333
69.6	165
69.62	158.333
69.64	165
69.66	173.333
69.68	165
69.7	180
69.72	203.333
69.74	196.667
69.76	171.667
69.78	173.333
69.8	168.333
69.82	198.333
69.84	196.667
69.86	183.333
69.88	150
69.9	173.333
69.92	171.667
69.94	181.667
69.96	195
69.98	170
70	178.333
70.02	225
70.04	198.333
70.06	213.333
70.08	178.333
70.1	223.333
70.12	223.333
70.14	315
70.16	316.667
70.18	395
70.2	415
70.22	451.667
70.24	431.667
70.26	433.333
70.28	415
70.3	385
70.32	361.667
70.34	300
70.36	350
70.38	356.667
70.4	371.667
70.42	376.667
70.44	388.333
70.46	428.333
70.48	441.667
70.5	398.333
70.52	356.667
70.54	395
70.56	418.333
70.58	326.667
70.6	311.667
70.62	273.333
70.64	275
70.66	340
70.68	278.333
70.7	293.333
70.72	281.667
70.74	268.333
70.76	286.667
70.78	251.667
70.8	283.333
70.82	216.667
70.84	216.667
70.86	201.667
70.88	188.333
70.9	171.667
70.92	165
70.94	166.667
70.96	138.333
70.98	165
71	143.333
71.02	181.667
71.04	166.667
71.06	158.333
71.08	175
71.1	158.333
71.12	150
71.14	141.667
71.16	185
71.18	123.333
71.2	175
71.22	121.667
71.24	145
71.26	143.333
71.28	150
71.3	131.667
71.32	148.333
71.34	133.333
71.36	145
71.38	173.333
71.4	156.667
71.42	140
71.44	150
71.46	166.667
71.48	140
71.5	153.333
71.52	171.667
71.54	143.333
71.56	146.667
71.58	126.667
71.6	130
71.62	155
71.64	143.333
71.66	128.333
71.68	165
71.7	150
71.72	175
71.74	153.333
71.76	131.667
71.78	120
71.8	155
71.82	145
71.84	148.333
71.86	130
71.88	146.667
71.9	128.333
71.92	128.333
71.94	143.333
71.96	170
71.98	120
72	161.667
72.02	116.667
72.04	151.667
72.06	135
72.08	168.333
72.1	153.333
72.12	136.667
72.14	158.333
72.16	140
72.18	120
72.2	185
72.22	136.667
72.24	151.667
72.26	138.333
72.28	158.333
72.3	163.333
72.32	135
72.34	130
72.36	145
72.38	166.667
72.4	146.667
72.42	128.333
72.44	145
72.46	170
72.48	151.667
72.5	158.333
72.52	111.667
72.54	163.333
72.56	145
72.58	138.333
72.6	130
72.62	126.667
72.64	158.333
72.66	111.667
72.68	150
72.7	156.667
72.72	170
72.74	111.667
72.76	158.333
72.78	141.667
72.8	138.333
72.82	156.667
72.84	148.333
72.86	131.667
72.88	131.667
72.9	153.333
72.92	155
72.94	160
72.96	145
72.98	113.333
73	128.333
73.02	136.667
73.04	156.667
73.06	148.333
73.08	170
73.1	148.333
73.12	143.333
73.14	160
73.16	160
73.18	148.333
73.2	138.333
73.22	165
73.24	156.667
73.26	156.667
73.28	155
73.3	173.333
73.32	148.333
73.34	171.667
73.36	165
73.38	175
73.4	160
73.42	156.667
73.44	155
73.46	141.667
73.48	148.333
73.5	141.667
73.52	175
73.54	153.333
73.56	161.667
73.58	165
73.6	148.333
73.62	145
73.64	145
73.66	166.667
73.68	181.667
73.7	156.667
73.72	181.667
73.74	203.333
73.76	165
73.78	163.333
73.8	188.333
73.82	178.333
73.84	181.667
73.86	190
73.88	215
73.9	215
73.92	198.333
73.94	211.667
73.96	205
73.98	195
74	211.667
74.02	220
74.04	231.667
74.06	278.333
74.08	258.333
74.1	273.333
74.12	365
74.14	346.667
74.16	461.667
74.18	528.333
74.2	585
74.22	653.333
74.24	735
74.26	705
74.28	685
74.3	650
74.32	566.667
74.34	490
74.36	505
74.38	423.333
74.4	453.333
74.42	476.667
74.44	535
74.46	545
74.48	501.667
74.5	541.667
74.52	401.667
74.54	428.333
74.56	403.333
74.58	370
74.6	310
74.62	365
74.64	321.667
74.66	303.333
74.68	318.333
74.7	296.667
74.72	378.333
74.74	325
74.76	328.333
74.78	343.333
74.8	358.333
74.82	396.667
74.84	433.333
74.86	481.667
74.88	516.667
74.9	641.667
74.92	786.667
74.94	863.333
74.96	990
74.98	1220
75	1153.33
75.02	1236.67
75.04	1280
75.06	1278.33
75.08	1166.67
75.1	1108.33
75.12	1003.33
75.14	918.333
75.16	823.333
75.18	778.333
75.2	765
75.22	811.667
75.24	821.667
75.26	835
75.28	808.333
75.3	736.667
75.32	573.333
75.34	513.333
75.36	458.333
75.38	396.667
75.4	341.667
75.42	265
75.44	256.667
75.46	260
75.48	241.667
75.5	218.333
75.52	233.333
75.54	178.333
75.56	188.333
75.58	183.333
75.6	198.333
75.62	180
75.64	190
75.66	176.667
75.68	148.333
75.7	166.667
75.72	166.667
75.74	173.333
75.76	155
75.78	158.333
75.8	171.667
75.82	156.667
75.84	143.333
75.86	161.667
75.88	150
75.9	158.333
75.92	126.667
75.94	186.667
75.96	145
75.98	148.333
76	161.667
76.02	128.333
76.04	175
76.06	163.333
76.08	143.333
76.1	165
76.12	151.667
76.14	188.333
76.16	153.333
76.18	138.333
76.2	171.667
76.22	148.333
76.24	143.333
76.26	151.667
76.28	150
76.3	176.667
76.32	136.667
76.34	141.667
76.36	150
76.38	176.667
76.4	163.333
76.42	146.667
76.44	163.333
76.46	133.333
76.48	111.667
76.5	150
76.52	175
76.54	141.667
76.56	143.333
76.58	133.333
76.6	151.667
76.62	161.667
76.64	128.333
76.66	135
76.68	148.333
76.7	141.667
76.72	145
76.74	146.667
76.76	140
76.78	130
76.8	155
76.82	140
76.84	140
76.86	183.333
76.88	125
76.9	150
76.92	158.333
76.94	155
76.96	158.333
76.98	160
77	136.667
77.02	163.333
77.04	133.333
77.06	166.667
77.08	175
77.1	156.667
77.12	130
77.14	156.667
77.16	163.333
77.18	148.333
77.2	121.667
77.22	153.333
77.24	146.667
77.26	168.333
77.28	146.667
77.3	125
77.32	130
77.34	150
77.36	171.667
77.38	133.333
77.4	158.333
77.42	123.333
77.44	135
77.46	138.333
77.48	171.667
77.5	143.333
77.52	155
77.54	151.667
77.56	125
77.58	131.667
77.6	146.667
77.62	176.667
77.64	146.667
77.66	141.667
77.68	141.667
77.7	141.667
77.72	133.333
77.74	126.667
77.76	150
77.78	163.333
77.8	143.333
77.82	130
77.84	168.333
77.86	130
77.88	138.333
77.9	125
77.92	145
77.94	148.333
77.96	171.667
77.98	138.333
78	156.667
78.02	148.333
78.04	151.667
78.06	151.667
78.08	146.667
78.1	170
78.12	180
78.14	161.667
78.16	158.333
78.18	143.333
78.2	156.667
78.22	158.333
78.24	163.333
78.26	161.667
78.28	170
78.3	175
78.32	196.667
78.34	160
78.36	161.667
78.38	178.333
78.4	156.667
78.42	136.667
78.44	190
78.46	190
78.48	163.333
78.5	208.333
78.52	208.333
78.54	261.667
78.56	290
78.58	288.333
78.6	328.333
78.62	333.333
78.64	306.667
78.66	331.667
78.68	308.333
78.7	318.333
78.72	245
78.74	253.333
78.76	278.333
78.78	265
78.8	255
78.82	258.333
78.84	263.333
78.86	273.333
78.88	230
78.9	261.667
78.92	288.333
78.94	231.667
78.96	205
78.98	231.667
79	208.333
79.02	225
79.04	255
79.06	235
79.08	235
79.1	185
79.12	225
79.14	251.667
79.16	243.333
79.18	243.333
79.2	241.667
79.22	313.333
79.24	285
79.26	396.667
79.28	428.333
79.3	488.333
79.32	570
79.34	545
79.36	583.333
79.38	565
79.4	493.333
79.42	425
79.44	348.333
79.46	343.333
79.48	320
79.5	325
79.52	336.667
79.54	340
79.56	410
79.58	391.667
79.6	346.667
79.62	346.667
79.64	295
79.66	280
79.68	268.333
79.7	258.333
79.72	231.667
79.74	203.333
79.76	188.333
79.78	188.333
79.8	173.333
79.82	163.333
79.84	196.667
79.86	171.667
79.88	175
79.9	170
79.92	168.333
79.94	170
79.96	181.667
79.98	176.667
80	193.333
